# oST version 5.0 parameters


[image]

width
640

height
360

[narrow_stereo/left]

camera matrix
348.101420 0.000000 306.205753
0.000000 347.375603 187.244353
0.000000 0.000000 1.000000

distortion
-0.161278 0.025061 0.000992 -0.002602 0.000000

rectification
0.999839 -0.001247 0.017911
0.001278 0.999998 -0.001704
-0.017909 0.001726 0.999838

projection
348.987484 0.000000 292.679237 0.000000
0.000000 348.987484 182.798206 0.000000
0.000000 0.000000 1.000000 0.000000
# oST version 5.0 parameters


[image]

width
640

height
360

[narrow_stereo/right]

camera matrix
348.027652 0.000000 316.433478
0.000000 347.509306 174.843855
0.000000 0.000000 1.000000

distortion
-0.154587 0.013696 0.001083 -0.001622 0.000000

rectification
0.999986 -0.000203 -0.005378
0.000213 0.999999 0.001714
0.005378 -0.001715 0.999984

projection
348.987484 0.000000 292.679237 -31.313523
0.000000 348.987484 182.798206 0.000000
0.000000 0.000000 1.000000 0.000000
